0.0 0.0 0.0 0.0 1
934.4713154402561 5976.41435544024 41.94304 1016.7972038139296 1
1073.7771328393137 1176.4731444517747 24.317625231910945 814.0112015408508 1
991.9829884313513 95343.09550331219 276.27981514911227 95197.45435329933 3 4 1
1090.742729251894 0.0 0.0 0.0 0 6 1
0.0 0.0 0.0 0.0 0 6 1
1143.212335179001 79032.40217289189 62308.84223944812 117528.470675922 4 6 1
1090.742729251894 79032.40217289189 45385.77988957247 117528.470675922 4 6 1
1090.742729251894 79032.40217289189 45385.77988957247 117528.470675922 4 6 1
1090.742729251894 79032.40217289189 45385.77988957247 117528.470675922 4 6 1
1090.742729251894 79032.40217289189 45385.77988957247 117528.470675922 4 6 1
1090.742729251894 79032.40217289189 45385.77988957247 117528.470675922 4 6 1
1090.742729251894 79032.40217289189 45385.77988957247 117528.470675922 4 6 1
1090.742729251894 79032.40217289189 45385.77988957247 117528.470675922 4 6 1
1027.0766472289847 39058.747639147296 18116.86624001246 129447.64551092175 7 12 1
1048.4783302941623 85215.04589819044 37559.4241457457 154077.33228947863 8 11 1
1061.7821038489262 37758.23500806677 36701.268535666684 130733.99961483796 7 7 1
1061.7821038489262 37758.23500806677 36701.268535666684 130733.99961483796 7 7 1
1061.7821038489262 37758.23500806677 36701.268535666684 130733.99961483796 7 7 1
1061.7821038489262 37758.23500806677 36701.268535666684 130733.99961483796 7 7 1
1061.7821038489262 37758.23500806677 36701.268535666684 130733.99961483796 7 7 1
1061.7821038489262 37758.23500806677 36701.268535666684 130733.99961483796 7 7 1
1061.7821038489262 37758.23500806677 36701.268535666684 130733.99961483796 7 7 1
